dxdt:4,
v:-66,
m:6.49433e-06,
n:0.00133,
h:0.999964;